24 3
24 4
24 5
24 6
24 7
24 8
24 9
24 10
24 11
24 12
24 13
24 14
24 15
24 16
24 17
24 18
24 19
24 20
24 21
24 22
24 23
24 24
24 25
24 26
23 3
22 4
21 5
20 6
19 7
18 8
17 9
16 10
15 11
14 11
15 18
16 19
17 20
18 21
19 22
20 23
21 24
22 25
23 26
14 18
13 19
12 20
11 21
10 22
9 23
8 24
7 25
6 26
5 27
13 10
12 9
11 8
10 7
9 6
8 5
7 4
6 3
5 2
29 0
29 1
29 2
29 3
29 4
29 5
29 6
29 7
29 8
29 9
29 10
29 11
29 12
29 13
29 14
29 15
29 16
29 17
29 18
29 19
29 20
29 21
29 22
29 23
29 24
29 25
29 26
29 27
29 28
29 29
2 27